30
6
5 2 4 6 3 1
6
2 4 8 16 32 64
3
1 1 1
3
200000 200000 200000
200
18853 45806 128110 111054 176441 100811 176624 159843 113125 199874 119471 161820 162447 187492 185961 5848 60763 31013 145510 196061 51963 127394 99591 68008 2986 128773 150497 59289 60515 127721 98906 153808 80395 68675 79219 139543 118233 75988 105317 24548 14962 186662 29403 197445 54576 91446 84064 174955 51229 11717 80877 78497 6285 98357 64197 194991 165590 65595 157811 32843 193809 196339 18013 93771 162352 192377 23537 150459 90657 135579 169368 593 155538 130214 13486 99975 181772 67885 164314 42937 187704 121830 9559 62068 176875 130135 68683 136855 190930 139657 153958 167557 74162 187905 98643 63843 24488 111427 85366 20846 139816 75197 198467 193320 197335 1348 157349 43817 50210 137881 97243 25255 84744 166878 108759 197489 194471 114786 102032 13270 172278 109406 81999 5615 104232 23847 61495 180243 127215 31118 77 136445 125201 109187 183662 78234 81310 177066 19587 171903 87954 174384 109338 118325 169015 108074 92890 106898 192076 59939 176040 22230 140057 164617 65797 193362 143273 66963 100104 42270 26881 73530 87356 146664 46028 33938 151952 76541 158611 7349 107061 9207 121615 107015 71665 85469 48178 191266 180014 24007 55180 187956 76159 18382 79455 141534 186264 174184 55987 103112 34759 962 184551 175120 144382 140746 139709 186913 124462 107744
200
1 0 0 1 1 1 1 0 1 0 0 1 1 1 0 1 0 0 1 1 0 1 0 0 0 1 1 1 1 0 0 1 1 1 1 1 0 1 1 1 1 0 0 0 0 1 0 0 0 0 1 0 1 0 1 0 1 1 1 0 1 0 0 0 0 0 0 1 0 1 1 0 0 1 0 0 1 1 1 0 1 0 0 0 1 1 0 0 1 0 0 0 1 0 1 0 0 0 0 1 0 0 0 1 0 1 0 0 1 0 1 1 0 0 1 1 0 1 0 1 1 1 0 0 1 1 0 0 0 0 0 0 0 0 0 0 0 1 0 0 1 0 1 0 0 0 1 0 1 0 0 0 1 0 1 0 0 1 1 0 1 0 1 0 0 1 0 0 1 1 0 0 1 1 0 0 1 1 1 0 1 0 1 0 1 0 0 1 0 0 1 0 0 0 0 0 0 1 0 1
200
0 0 0 0 0 0 0 0 0 0 0 0 0 15400 23632 20272 23856 21056 13832 10248 24192 10136 10192 18704 8680 784 41525 63722 54662 64326 56776 37297 27633 65232 27331 27482 50434 23405 2114 69025 105922 90862 106926 94376 61997 45933 108432 45431 45682 83834 38905 3514 99825 153186 131406 154638 136488 89661 66429 156816 65703 66066 121242 56265 5082 88550 135884 116564 137172 121072 79534 58926 139104 58282 58604 107548 49910 4508 43175 66254 56834 66882 59032 38779 28731 67824 28417 28574 52438 24335 2198 20350 31228 26788 31524 27824 18278 13542 31968 13394 13468 24716 11470 1036 61875 94950 81450 95850 84600 55575 41175 97200 40725 40950 75150 34875 3150 112750 173020 148420 174660 154160 101270 75030 177120 74210 74620 136940 63550 5740 24475 37558 32218 37914 33464 21983 16287 38448 16109 16198 29726 13795 1246 1375 2110 1810 2130 1880 1235 915 2160 905 910 1670 775 70 80300 123224 105704 124392 109792 72124 53436 126144 52852 53144 97528 45260 4088 0 56 151 251 363 322 157 74 225 410 89 5 292 275 422 362 426 376 247 183 432 181 182 334 155 14 20616 46212 38422 96612 159994
200
0 0 0 0 0 0 0 0 0 0 0 0 0 0 0 0 0 0 0 0 0 0 0 0 0 0 0 0 0 0 0 0 0 0 0 0 0 0 0 0 0 0 0 0 0 0 0 0 0 0 0 0 0 0 0 0 0 0 0 0 0 0 0 0 0 0 0 0 0 0 0 0 0 0 0 0 0 0 0 0 0 0 0 0 0 0 0 0 0 0 0 0 0 0 0 0 0 0 0 0 131871 193972 1533 133329 25297 99255 137893 137762 182543 29087 142456 49381 150132 40972 70196 75022 20649 105422 157757 166824 117860 17441 108276 96991 79720 151534 126260 95057 193204 40815 128970 164006 138658 64909 6618 145246 45550 84483 121465 194918 44993 154146 89919 170716 21537 47278 20009 22126 156921 71553 192263 29888 160066 64502 80843 146546 30126 77148 189576 150987 153032 175995 119745 56474 149501 155591 39292 179580 65416 192289 57007 198636 169912 178684 26946 183851 148985 182675 16926 96354 140896 33542 1456 22937 92157 45304 188809 190132 88292 150554 139841 188990 49597 116968 22862 129483 47661 10097 128545 40776
200
10827 6804 9531 2619 2322 5913 1431 4590 4806 7398 76591 48132 67423 18527 16426 41829 10123 32470 33998 52334 151578 95256 133434 36666 32508 82782 20034 64260 67284 103572 16842 10584 14826 4074 3612 9198 2226 7140 7476 11508 136741 85932 120373 33077 29326 74679 18073 57970 60698 93434 139548 87696 122844 33756 29928 76212 18444 59160 61944 95352 116290 73080 102370 28130 24940 63510 15370 49300 51620 79460 30476 19152 26828 7372 6536 16644 4028 12920 13528 20824 17644 11088 15532 4268 3784 9636 2332 7480 7832 12056 4812 3024 4236 1164 1032 2628 636 2040 2136 3288 27 191 378 42 341 348 290 76 44 12 401 252 353 97 86 219 53 170 178 274 141617 181838 137117 186450 127023 73498 173230 101090 83521 28620 60485 119072 188097 191813 190702 66484 109180 112332 168604 179654 89372 92745 14246 165545 37971 64182 54305 148801 35500 152889 176116 174794 92939 9371 75585 191575 96563 138659 29333 190039 2021 49402 108967 189182 71658 142355 104041 134740 23272 110509 129895 104203 125232 41131 58243 154552 195825 20118 157826 185786 118109 126573 157456 138395 10307 147040 78670 137059 175500 127726 181010 19452 61931 110364 169947 173024 128397 187825 30105 84447
200
65537 65537 131073 131073 131073 131073 131073 131073 131073 131073 131073 65537 131073 131073 131073 65537 131073 131073 65537 65537 131073 131073 131073 65537 131073 131073 65537 65537 65537 65537 65537 131073 65537 131073 131073 131073 65537 131073 131073 65537 65537 65537 65537 131073 131073 131073 131073 131073 131073 65537 131073 65537 131073 131073 65537 131073 65537 65537 131073 65537 65537 65537 65537 131073 131073 65537 65537 131073 131073 65537 131073 65537 131073 131073 131073 65537 65537 131073 65537 65537 131073 65537 65537 131073 131073 131073 65537 65537 131073 131073 131073 65537 65537 131073 131073 131073 131073 131073 131073 65537 65537 131073 131073 65537 131073 65537 65537 131073 131073 131073 131073 65537 65537 131073 65537 131073 65537 65537 65537 65537 65537 131073 65537 65537 65537 131073 131073 131073 131073 131073 131073 131073 65537 131073 131073 65537 65537 65537 65537 65537 131073 65537 131073 65537 131073 131073 65537 65537 65537 131073 65537 65537 65537 65537 65537 65537 65537 65537 65537 131073 65537 65537 131073 65537 131073 131073 131073 131073 65537 65537 65537 65537 65537 131073 65537 65537 65537 65537 131073 131073 131073 65537 65537 65537 131073 131073 65537 65537 131073 65537 131073 65537 65537 131073 65537 65537 65537 65537 65537 65537
200
148684 168170 15127 170065 141460 198089 181448 198338 135070 126157 153162 78032 151262 52535 64505 196246 192234 79021 87794 75861 12247 109084 25512 100485 198682 186088 60637 116752 14418 90401 97727 58381 89305 102104 168199 159880 82386 198048 93301 25622 159193 29580 182191 48103 125248 100613 116129 41024 47261 143932 65037 194502 138955 108928 20461 174207 187724 37999 38062 97061 150815 18353 170894 41759 55737 50893 10913 128180 94237 43965 90180 186178 132608 109372 168230 112711 182114 163098 28350 172752 35418 4894 41797 30935 135214 175247 13354 76528 76153 73338 85317 183605 116569 77361 100664 192642 132949 79045 108995 194989 122579 8486 34717 33023 101165 83574 70603 113790 115008 59233 121801 129472 66651 198643 184051 43298 40142 62000 172628 29068 114158 41484 193929 163599 131939 62546 96959 153181 189837 52594 27361 85477 64394 37875 23916 141713 142375 64153 151170 100521 141014 50916 161430 145418 140984 3972 167338 99203 196871 105435 78019 109094 25959 75917 162692 88619 177721 99141 36482 139437 6130 13857 1434 66734 57221 28556 151778 182356 164209 115736 146540 121236 100012 80729 129452 62230 178992 147046 185331 85432 92284 104757 29762 57892 48291 75369 53664 86395 46072 151726 190670 157606 161904 82435 157087 82345 147859 170954 59615 69350
200
20624 14290 47709 66011 121857 51679 98397 185438 75643 71351 98776 114977 30495 125459 64419 79923 11733 81747 142473 131494 74282 102021 90653 13635 48310 41080 55919 112253 183994 66473 146963 156353 191154 1077 4096 26008 111846 143448 7757 151443 28815 71343 41566 39864 71066 106237 59559 52171 196917 47835 84336 125481 134548 186700 143079 58057 165543 159091 124579 79692 126036 1014 135099 156605 148663 18729 89815 113428 62221 27846 12601 126601 85735 14987 153760 154009 159481 195749 35004 134972 58718 51785 48306 17471 116977 67980 30902 80755 61495 105690 50402 41479 71485 112642 35466 120806 92059 80029 78241 1437 23026 59351 96897 10128 106800 139573 193296 37381 138182 192144 196918 161282 37836 63220 107178 95258 2712 40624 35086 39386 39233 144072 58696 108471 31329 175654 139150 49803 183057 68651 99706 149860 5443 133583 197470 8451 91904 173515 15444 125291 54358 179321 13703 3433 188991 52944 165096 49514 94594 32659 11087 78562 64721 147527 189570 90426 83 142616 122072 111267 66431 194547 196439 118431 193139 114232 183378 193168 58512 152611 122818 136149 58693 42983 183470 182272 57733 186948 132313 156992 189957 54993 100414 99909 138750 187789 22117 142949 13234 87458 187362 46890 66887 173542 65739 172877 38129 160842 128113 153891
200
0 0 0 0 0 0 0 0 0 0 0 0 0 0 0 0 0 0 0 0 0 0 0 0 0 0 0 0 0 0 0 0 0 0 0 0 0 0 0 0 0 0 0 0 0 0 0 0 0 0 0 0 0 0 0 0 0 0 0 0 0 0 0 0 0 0 0 0 0 0 0 0 0 0 0 0 0 0 0 0 0 0 0 0 0 0 0 0 0 0 0 0 0 0 0 0 0 0 0 0 0 0 0 0 0 0 0 0 0 0 0 0 0 0 0 0 0 0 0 0 0 0 0 0 0 0 0 0 0 0 0 0 0 0 0 0 0 0 0 0 0 0 0 0 0 0 0 0 0 0 0 0 0 0 0 0 0 0 0 0 0 0 0 0 0 0 0 0 0 0 0 0 0 0 0 0 0 0 0 0 0 0 0 0 0 0 0 0 0 0 0 0 0 0 0 0 0 0 0 0
200
1 1 1 0 1 0 1 0 0 0 1 0 1 1 1 0 1 0 1 0 1 0 0 1 0 1 1 0 1 1 0 0 1 0 1 1 1 1 0 0 1 1 0 0 0 1 0 0 0 0 0 0 0 1 0 0 1 1 0 1 1 1 1 0 0 1 0 0 1 1 0 0 0 0 1 1 1 0 0 1 1 0 0 0 0 0 1 1 0 0 1 0 0 0 1 0 0 1 1 1 0 0 1 0 1 1 1 1 1 1 1 0 1 0 1 1 0 0 0 1 0 0 1 0 1 1 1 1 0 0 0 0 1 0 1 1 0 0 1 0 1 0 0 0 1 0 0 1 0 0 1 1 1 1 1 1 1 0 1 0 1 1 0 1 0 0 0 1 0 1 0 1 1 1 1 0 0 1 0 1 1 1 1 1 0 1 1 0 0 0 1 0 0 1 0 0 1 0 1 1
200
124012 67943 33813 37097 36100 121412 145924 57736 150904 195829 199802 196247 161242 157419 87099 145450 63722 6420 65218 114788 100413 4174 142075 173842 179524 46720 29865 89537 102485 10355 158087 52456 88093 76319 164859 170253 98711 68813 56134 195386 137506 96547 68423 54880 6516 197555 179454 181598 108466 154449 38405 107080 101451 82035 170488 55861 115156 141610 119595 7219 58676 85392 41260 92430 85294 158818 174122 193485 147402 35318 109897 50057 187428 52753 7611 114743 131658 7007 39737 182521 146285 176139 192136 151095 154499 66654 128274 14698 148590 51471 156090 136325 45762 51405 113931 191217 41911 187718 66149 13756 52810 15280 29327 70145 9860 36515 175491 39910 155749 25960 104433 178859 121252 94674 68851 98110 43481 193555 111553 175306 117157 189975 32291 175311 129523 28110 120289 48230 104208 144263 77105 55591 168463 77820 102386 9693 101341 78127 50372 198805 140641 102615 196881 119342 169818 108150 6674 198053 197461 85750 63828 3562 150202 171598 145207 188653 154443 143326 121842 66640 8815 119686 89762 20769 27682 180254 194463 98837 73398 76880 118779 34839 183785 73432 888 49971 197906 135573 171084 133351 170140 82224 21027 151320 60870 47536 106234 127663 101961 70159 127408 163 170533 63146 130006 69467 124367 130110 199367 180127
200
26572 125216 160524 150696 4368 132860 64792 40768 153972 12264 57792 74088 69552 2016 61320 29904 18816 71064 30514 143792 184338 173052 5016 152570 74404 46816 176814 31755 149640 191835 180090 5220 158775 77430 48720 184005 14308 67424 86436 81144 2352 71540 34888 21952 82908 28470 134160 171990 161460 4680 142350 69420 43680 164970 19491 91848 117747 110538 3204 97455 47526 29904 112941 18761 88408 113337 106398 3084 93805 45746 28784 108711 23068 108704 139356 130824 3792 115340 56248 35392 133668 364 168 418 435 196 390 267 257 316 73 344 441 414 12 365 178 112 423 8701 191778 26147 99163 188501 31334 158657 47812 30005 196261 137823 32441 97312 58432 142605 128338 108902 145977 162963 88372 93466 111037 83978 11228 160792 163157 171211 39434 49564 85096 117070 167270 48267 8682 159970 69385 99694 58924 107305 74035 112841 177994 16883 101667 18428 155537 3232 189881 127354 179714 148444 15138 62232 83032 95778 169551 155474 122904 185162 92713 180106 182203 130188 16043 168186 70764 136559 156709 32695 165172 178756 5761 59827 167461 135432 34767 149023 17634 17264 34430 20920 183051 63476 186900 83638 80700 114847 110406 30651 131803 180138 199236 24842 94256 172343 37064 139783 137950 176501 58013 35775
200
64600 47260 32980 34680 8330 2210 54400 28900 34680 3400 39950 63410 117040 85624 59752 62832 15092 4004 98560 52360 62832 6160 72380 114884 152000 111200 77600 81600 19600 5200 128000 68000 81600 8000 94000 149200 39520 28912 20176 21216 5096 1352 33280 17680 21216 2080 24440 38792 83220 60882 42486 44676 10731 2847 70080 37230 44676 4380 51465 81687 107920 78952 55096 57936 13916 3692 90880 48280 57936 5680 66740 105932 30020 21962 15326 16116 3871 1027 25280 13430 16116 1580 18565 29467 38000 27800 19400 20400 4900 1300 32000 17000 20400 2000 23500 37300 9880 7228 5044 5304 1274 338 8320 4420 5304 520 6110 9698 71820 52542 36666 38556 9261 2457 60480 32130 38556 3780 44415 70497 89680 65608 45784 48144 11564 3068 75520 40120 48144 4720 55460 88028 4180 3058 2134 2244 539 143 3520 1870 2244 220 2585 4103 170 308 400 104 219 284 79 100 26 189 236 11 380 278 194 204 49 13 320 170 204 20 235 373 112968 119185 4542 90183 30943 39004 150825 104922 169608 78581 109710 3906 156056 78806 45344 24830 188567 111366 114928 11933 156706 9384 78025 88238 96676 91590 107869 135338 191546 112007 95074 93731
200
27878 99562 17267 78276 32226 24782 191289 183206 116882 144474 63699 169991 95003 146432 46930 46359 144355 136059 7761 108743 178905 50273 149287 71628 192390 95340 169515 64975 120539 95264 165417 9841 153501 47076 13530 131885 21358 112647 148712 42863 184926 191155 38717 143684 26010 111368 171187 3199 112800 135447 30707 178851 106693 132611 100018 112253 51629 4993 161602 83916 51096 54522 3324 128569 157491 17858 108426 118264 136928 153454 24785 46006 68572 125485 87718 117360 101678 193780 180648 97928 167122 30273 57528 193269 131660 151550 45301 163962 81181 78363 9454 29690 78069 95662 46504 176672 154875 67208 38453 170226 54887 168137 84074 99631 103397 55313 139795 130394 189955 63708 41590 184799 130817 173899 95309 73629 69190 53828 98024 86381 103192 155506 42323 157167 46036 54776 154321 159588 38404 62816 71033 114285 187815 113408 22195 71009 71083 29693 29879 192286 169782 85826 90001 115778 143132 61822 93976 155817 51662 6018 146995 55146 111447 174122 127258 192180 143268 193960 167108 89908 141707 29674 83192 133962 177137 13006 134081 103923 158125 105645 95455 73496 159738 112721 161377 27095 125092 14055 73641 81650 120926 190776 22898 81181 17508 158327 171844 2672 175136 55645 65212 60727 70191 174222 79445 171509 175963 125960 78457 150326
200
1 1 1 1 1 1 1 1 1 1 1 1 1 1 1 1 1 1 1 1 1 1 1 1 1 1 1 1 1 1 1 1 1 1 1 1 1 1 1 1 1 1 1 1 1 1 1 1 1 1 1 1 1 1 1 1 1 1 1 1 1 1 1 1 1 1 1 1 1 1 1 1 1 1 1 1 1 1 1 1 1 1 1 1 1 1 1 1 1 1 1 1 1 1 1 1 1 1 1 1 1 1 1 1 1 1 1 1 1 1 1 1 1 1 1 1 1 1 1 1 1 1 1 1 1 1 1 1 1 1 1 1 1 1 1 1 1 1 1 1 1 1 1 1 1 1 1 1 1 1 1 1 1 1 1 1 1 1 1 1 1 1 1 1 1 1 1 1 1 1 1 1 1 1 1 1 1 1 1 1 1 1 1 1 1 1 1 1 1 1 1 1 1 1 1 1 1 1 1 1
200
119968 133216 85744 159712 33120 59248 34592 30544 41584 152352 26864 3912 4344 2796 5208 1080 1932 1128 996 1356 4968 876 93236 103532 66638 124124 25740 46046 26884 23738 32318 118404 20878 75306 83622 53823 100254 20790 37191 21714 19173 26103 95634 16863 34556 38372 24698 46004 9540 17066 9964 8798 11978 43884 7738 35860 39820 25630 47740 9900 17710 10340 9130 12430 45540 8030 98778 109686 70599 131502 27270 48783 28482 25149 34239 125442 22119 55420 61540 39610 73780 15300 27370 15980 14110 19210 70380 12410 135290 150230 96695 180110 37350 66815 39010 34445 46895 171810 30295 123228 136836 88074 164052 34020 60858 35532 31374 42714 156492 27594 88346 98102 63143 117614 24390 43631 25474 22493 30623 112194 19783 368 12 286 231 106 110 303 170 415 378 271 326 362 233 434 90 161 94 83 113 414 73 48137 46204 192120 24356 25841 150330 81890 120215 178584 22385 11265 154389 105775 197351 96682 84632 148771 181874 86804 141512 61709 153723 158769 52427 57879 189981 19777 116915 155644 138873 15701 117030 134930 135751 142861 85796 85597 74084 98061 56155 171277 118593 165608 75645 44355 33832 89005 184281 46280 66556 44035 198571 120536 90944 53266 132126 21683
200
18126 53424 53742 1749 50562 23214 27030 20670 47541 12561 23214 53424 21783 32604 96096 96668 3146 90948 41756 48620 37180 85514 22594 41756 96096 39182 22344 65856 66248 2156 62328 28616 33320 25480 58604 15484 28616 65856 26852 41610 122640 123370 4015 116070 53290 62050 47450 109135 28835 53290 122640 50005 7752 22848 22984 748 21624 9928 11560 8840 20332 5372 9928 22848 9316 13680 40320 40560 1320 38160 17520 20400 15600 35880 9480 17520 40320 16440 798 2352 2366 77 2226 1022 1190 910 2093 553 1022 2352 959 38646 113904 114582 3729 107802 49494 57630 44070 101361 26781 49494 113904 46443 684 2016 2028 66 1908 876 1020 780 1794 474 876 2016 822 27702 81648 82134 2673 77274 35478 41310 31590 72657 19197 35478 81648 33291 8436 24864 25012 814 23532 10804 12580 9620 22126 5846 10804 24864 10138 33972 100128 100724 3278 94764 43508 50660 38740 89102 23542 43508 100128 40826 27930 82320 82810 2695 77910 35770 41650 31850 73255 19355 35770 82320 33565 159 286 196 365 68 120 7 339 6 243 74 298 245 114 336 338 11 318 146 170 130 299 79 146 336 137 132975 47263 125550 154817 125146
3
65537 65537 131073
200
200000 200000 200000 200000 200000 200000 200000 200000 200000 200000 200000 200000 200000 200000 200000 200000 200000 200000 200000 200000 200000 200000 200000 200000 200000 200000 200000 200000 200000 200000 200000 200000 200000 200000 200000 200000 200000 200000 200000 200000 200000 200000 200000 200000 200000 200000 200000 200000 200000 200000 200000 200000 200000 200000 200000 200000 200000 200000 200000 200000 200000 200000 200000 200000 200000 200000 200000 200000 200000 200000 200000 200000 200000 200000 200000 200000 200000 200000 200000 200000 200000 200000 200000 200000 200000 200000 200000 200000 200000 200000 200000 200000 200000 200000 200000 200000 200000 200000 200000 200000 200000 200000 200000 200000 200000 200000 200000 200000 200000 200000 200000 200000 200000 200000 200000 200000 200000 200000 200000 200000 200000 200000 200000 200000 200000 200000 200000 200000 200000 200000 200000 200000 200000 200000 200000 200000 200000 200000 200000 200000 200000 200000 200000 200000 200000 200000 200000 200000 200000 200000 200000 200000 200000 200000 200000 200000 200000 200000 200000 200000 200000 200000 200000 200000 200000 200000 200000 200000 200000 200000 200000 200000 200000 200000 200000 200000 200000 200000 200000 200000 200000 200000 200000 200000 200000 200000 200000 200000 200000 200000 200000 200000 200000 200000 200000 200000 200000 200000 200000 200000
200
2080 39738 144509 88852 44267 185383 148845 132710 193975 155910 31163 40465 16930 45804 124257 149061 112436 121392 26301 147193 70326 106004 135508 11060 92913 37752 59661 102456 179424 134565 11412 158310 27987 106697 106184 5960 86828 75370 133935 73236 88558 28401 127760 78235 19425 85444 196179 388 48204 116975 87718 120812 109191 111152 51749 172752 193648 171680 155949 196705 143031 177781 56932 91881 89874 104874 93401 195073 150400 105835 48275 149826 172387 78860 34470 111086 9347 141043 31873 106864 27977 152588 93106 118651 187793 42651 19507 157166 155465 130382 59014 176442 108287 95151 61597 129915 13897 103608 5557 123825 42317 176352 97134 145196 178103 128363 134013 100777 45733 116790 199964 153014 51037 73568 142969 168254 37165 159867 133486 118460 50015 83389 153338 137187 29049 83883 58426 81243 191471 22595 16516 77435 198029 85783 120165 127919 123130 48469 133008 196032 119933 10672 182207 155407 121494 26431 196472 18484 114197 43451 81677 38736 78681 176639 128351 35908 7560 186495 110089 3584 9601 66201 134428 180023 190071 1985 9751 170470 45579 40045 104985 144494 181897 157208 62537 123543 5758 141228 162846 149210 154163 196636 115431 48679 62039 88111 168307 178943 40572 67227 133847 17477 71489 69902 34236 28916 161620 28881 49179 185993
200
199927 31669 170090 107863 26187 174357 191500 71616 115744 192032 97182 89309 34100 47871 76259 27058 35170 93185 144713 52316 5522 106709 129070 57743 40384 147767 106701 28893 85060 71120 88699 70323 133937 37473 171288 138990 143046 156576 47637 192189 58856 119134 86913 82509 77408 143930 158591 56868 118485 114732 149552 36983 74154 157765 128603 20983 166552 80380 158140 34722 14529 162521 145884 141486 134628 55073 190230 170377 68675 8005 133354 34895 77223 172737 35516 2581 173669 149995 140536 123678 134154 7730 116294 150348 54148 191223 73082 68324 137450 40425 153167 27482 58199 150348 174035 78942 119661 103608 140566 148814 126030 185789 74502 73423 184270 67342 87991 43307 159978 43156 31575 173860 67224 198239 167060 113572 164978 137159 175026 135463 17128 48252 96161 21389 66376 112868 75473 142144 57529 156304 199628 174155 112370 91338 39034 135815 112495 191085 22918 35879 50754 11733 110452 135492 184940 93016 77830 26040 753 187759 149120 132434 67226 26193 11968 179015 99344 111151 83847 128026 9312 131202 121987 63619 103131 175442 91375 146300 130489 180066 85321 185654 17282 185618 28885 86697 173460 17749 94076 7761 119010 159992 17135 196460 177799 153306 154526 10304 105456 71382 100895 48110 49187 198366 25468 25227 56271 182944 29621 159030
200
174551 85149 58688 104559 114482 126756 190918 155126 177215 24927 130993 182439 140607 36460 23451 12421 157607 66815 30887 50668 61184 186487 142255 140579 53195 60125 140687 143591 5802 10445 71034 96553 183755 197656 111118 138098 134245 161574 74395 68591 167064 40063 188281 77829 25127 56625 111558 149303 141166 64757 105419 25750 127590 158696 71754 64024 94123 50288 20241 161077 122640 84105 70427 96704 118498 52856 97432 185422 188463 30616 159804 145817 15725 76632 193017 151271 816 87934 56880 101382 26103 165892 43687 180938 183058 43017 169096 173393 119770 97246 135177 94885 117437 131855 110037 60270 53135 54427 181083 20150 31664 147890 45353 160253 82632 162891 62528 29804 32203 121987 37815 178079 25393 153992 140554 104361 194989 84148 141919 12591 111969 134368 42000 150485 47337 163231 172834 194179 180569 191721 159121 121846 155423 124556 78382 179815 41162 11319 111080 114442 142940 157213 45696 33832 114004 10938 176756 86024 152982 158035 72917 61834 5129 62553 197897 67304 121522 126601 46093 168807 19310 196315 181293 126081 48593 75636 115531 77021 90131 131368 189451 67533 49366 5327 28156 19730 132814 128786 99856 177583 3933 129369 135739 115910 118326 157981 56928 158677 57016 82616 169706 166195 117825 137120 91208 28383 139126 78537 84414 20248
200
99690 71963 92566 129084 146906 157044 140431 134886 74516 149593 161673 95927 120955 177730 127365 186665 112134 197978 1298 185077 198052 19790 7818 36580 153326 83776 73190 74981 102497 88259 158526 119806 118252 103488 91215 74219 98949 29602 5395 53125 66833 160055 126201 12529 192949 125997 165513 4665 167552 140938 149143 54768 77845 146272 117176 159080 125682 166518 22092 174001 132476 52794 138444 50405 14625 61300 112903 30820 7262 45188 89725 1968 129058 19274 24491 137591 190865 113664 56613 90981 106910 174096 172396 123318 57329 150193 121820 155890 190497 18218 104355 79131 62111 28221 6998 107611 117985 118162 103004 75733 191279 30868 1487 68030 143918 198881 161093 171546 168111 47223 62946 21254 105358 100532 110588 177003 191085 174680 46489 72310 141405 133947 125180 87436 138148 163789 12793 196029 135690 61651 79578 169483 150804 166105 182909 5985 162077 19531 62775 62123 182564 119105 154077 21796 124960 116072 84119 75421 159235 136428 15167 195685 33937 182683 98604 45207 68321 166951 45213 49592 84802 172058 35270 192788 60701 88760 168607 187776 118506 122107 85717 182686 14336 104730 170791 77786 6853 87780 50578 4359 140488 121089 83491 113569 26677 102672 126135 125732 87630 143063 191236 124737 197279 79548 75512 28368 136607 81852 26391 55729
200
10410 1890 10140 12060 5160 2310 12750 4800 5130 6810 5430 4020 11040 36088 6552 35152 41808 17888 8008 44200 16640 17784 23608 18824 13936 38272 90220 16380 87880 104520 44720 20020 110500 41600 44460 59020 47060 34840 95680 64889 11781 63206 75174 32164 14399 79475 29920 31977 42449 33847 25058 68816 34006 6174 33124 39396 16856 7546 41650 15680 16758 22246 17738 13132 36064 60031 10899 58474 69546 29756 13321 73525 27680 29583 39271 31313 23182 63664 17003 3087 16562 19698 8428 3773 20825 7840 8379 11123 8869 6566 18032 149210 27090 145340 172860 73960 33110 182750 68800 73530 97610 77830 57620 158240 150251 27279 146354 174066 74476 33341 184025 69280 74043 98291 78373 58022 159344 105488 19152 102752 122208 52288 23408 129200 48640 51984 69008 55024 40736 111872 9369 1701 9126 10854 4644 2079 11475 4320 4617 6129 4887 3618 9936 130472 23688 127088 151152 64672 28952 159800 60160 64296 85352 68056 50384 138368 126308 22932 123032 146328 62608 28028 154700 58240 62244 82628 65884 48776 133952 30 104 260 187 98 173 49 430 433 304 27 376 364 347 63 338 402 172 77 425 160 171 227 181 134 368 38207 7825 46268 129154 11540
200
0 0 0 0 0 0 0 0 0 0 0 0 0 0 0 0 0 0 0 0 0 0 0 0 0 0 0 0 0 0 0 0 0 0 0 0 0 0 0 0 0 0 0 0 0 0 0 0 0 0 0 0 0 0 0 0 0 0 0 0 0 0 0 0 0 0 0 0 0 0 0 0 0 0 0 0 0 0 0 0 0 0 0 0 0 0 0 0 0 0 0 0 0 0 0 0 0 0 0 0 146457 29982 186471 93516 108955 88920 77122 94744 70634 57109 102552 49224 156270 3295 18869 36037 190125 32152 197459 40358 194284 48337 103429 134836 27540 115843 157894 5974 4105 184093 76501 68485 79181 15359 39919 102114 55643 194695 121154 131834 172478 124086 164914 95030 13646 195241 19570 75259 103796 92646 119622 161392 131065 125194 65428 89323 473 71225 51630 18619 49126 137537 73518 178653 16433 163151 127090 123252 171574 171577 98515 147012 85666 97735 165985 86746 138917 38743 60496 172914 149228 188985 87813 170479 132327 49254 168149 113969 168426 67942 187004 5202 178448 134554 39475 92112 179063 4813 81751 140640
200
46566 30186 80730 39312 97812 27846 103194 50076 31122 0 102258 234 92898 5572 3612 9660 4704 11704 3332 12348 5992 3724 0 12236 28 11116 78605 50955 136275 66360 165110 47005 174195 84530 52535 0 172615 395 156815 44576 28896 77280 37632 93632 26656 98784 47936 29792 0 97888 224 88928 62088 40248 107640 52416 130416 37128 137592 66768 41496 0 136344 312 123864 2587 1677 4485 2184 5434 1547 5733 2782 1729 0 5681 13 5161 65073 42183 112815 54936 136686 38913 144207 69978 43491 0 142899 327 129819 22885 14835 39675 19320 48070 13685 50715 24610 15295 0 50255 115 45655 31641 20511 54855 26712 66462 18921 70119 34026 21147 0 69483 159 63123 8557 5547 14835 7224 17974 5117 18963 9202 5719 0 18791 43 17071 87759 56889 152145 74088 184338 52479 194481 94374 58653 0 192717 441 175077 41193 26703 71415 34776 86526 24633 91287 44298 27531 0 90459 207 82179 88157 57147 152835 74424 185174 52717 195363 94802 58919 0 193591 443 175871 234 28 395 224 312 13 327 115 159 43 441 207 443 199 129 345 168 418 119 441 214 133 0 437 1 397 176783 51437 126805 91589 13716
