100
5 1
3 1 4 1 5 9
2 7 1 8 2 9
4 8 15 16 23 42
9272 1
146085566 299182817 150759185 265564108 100606405 387795580
600956448 71040409 383733009 104612668 803935 953603202
480092648 575929724 687061313 41728946 371909985 810620556
400000 1
436090952 631486179 858058144 106477244 611729989 868456969
436090952 631486179 858058144 106477244 611729989 868456969
22711 244666 206335 251727 106273 400000
1 1
0 0 0 0 0 1
0 0 0 0 0 1
0 0 0 0 0 1
400000 1
0 0 0 0 0 1000000000
999999999 999999999 0 0 999999999 1000000000
5417401 4839557 36854108 37834 28028789 72656655
107439 1
178167988 110964780 119376675 95979373 27269380 184264305
79228381 165347838 66944783 87002152 68524473 379959915
154853241 274485953 24704014 62001832 66366577 299193209
400000 1
75561180 96107102 507078857 9644275 255605741 745691533
75561180 96107102 507078857 9644275 255605741 745691533
174591 351407 233184 3756 354172 400000
400000 1
7939 30742639 21238355 16048224 18893981 36925802
545557316 486036281 314146789 195257232 698509370 885820663
117216719 503382122 79972811 182570906 487552003 531049862
9703 1
4521726 107017189 41130650 79749721 27719611 116642653
66146004 424381352 200543260 371443074 276184718 434699781
807655397 93777637 376147647 826864983 875664377 913971565
400000 1
0 0 0 0 0 1000000000
214234097 393850527 225468301 373265521 275351765 446366545
207141 4855546 34193829 10856400 6748213 61824302
400000 1
559054071 265582427 84733031 105248147 468862026 641390292
559054071 265582427 84733031 105248147 468862026 641390292
271299 213509 70746 352425 247832 400000
376554 1
328080508 68224305 11850919 124572468 148609112 405178753
480803558 200036956 478193454 427872587 193712155 484813955
412397474 178130427 91899915 9222731 643978610 946663055
9272 1
0 0 0 0 0 1000000000
999999999 999999999 0 0 999999999 1000000000
367074531 179779683 333787038 174509867 177427612 408136603
400000 1
433615704 106795399 433835647 324667812 461256211 465775946
433615704 106795399 433835647 324667812 461256211 465775946
292879 137756 280023 226570 331056 400000
79786 1
456666596 267089222 326034140 505496684 134108975 680581458
75332110 82263655 60886601 30952600 115660105 120854589
10983700 9146039 278925 1754578 5897961 30901844
400000 1
463310604 96581709 927653521 195274874 937738553 997412538
999999999 999999999 0 0 999999999 1000000000
24674030 44723371 38281643 27612515 18900168 67734998
400000 1
134619370 436756962 13463655 180719606 600339221 620085047
134619370 436756962 13463655 180719606 600339221 620085047
364622 284832 377310 209582 93557 400000
83758 1
0 0 0 0 0 1000000000
999999999 999999999 0 0 999999999 1000000000
327571661 460579011 418890952 388507899 356643432 479904010
400000 1
485387978 597188244 188272516 349859827 458449599 899816654
485387978 597188244 188272516 349859827 458449599 899816654
118952 54670 87955 92919 105400 400000
400000 1
273880632 166638277 252226169 203204129 2459089 303842805
273880632 166638277 252226169 203204129 2459089 303842805
226515 27503 310308 242060 323839 400000
9703 1
0 0 0 0 0 1000000000
155483654 19525199 53784521 137237414 70830443 262939862
206832343 495035753 88888337 35609291 685416706 703640249
400000 1
58753788 195172169 119019392 1482685 198783270 226275612
58753788 195172169 119019392 1482685 198783270 226275612
143826 346323 303129 172946 307835 400000
400000 1
368687455 522414503 276387898 237147991 335266633 704655610
368687455 522414503 276387898 237147991 335266633 704655610
40876 70288 234741 100583 130339 400000
400000 1
512121622 258828342 557533160 87797096 558145474 649655917
512121622 258828342 557533160 87797096 558145474 649655917
109022 49601 33833 1763 397832 400000
400000 1
700082363 778849444 244500526 27769915 256568454 850503616
700082363 778849444 244500526 27769915 256568454 850503616
300412 59718 133824 186955 392756 400000
400000 1
59706206 269557395 75009953 103933139 244531736 335351099
59706206 269557395 75009953 103933139 244531736 335351099
380072 329829 359405 23243 18695 400000
357897 1
68025047 113115843 148488504 488563017 213291769 490468369
388933293 383758220 328552317 737468728 376001229 753070461
324898243 156464856 165854836 420182878 316326993 470406398
214414 1
61563879 24058768 58561928 28415174 22658875 79310568
95522957 137694485 37242925 107367900 19545554 139811242
143515741 123212370 203397238 436638680 166126321 445889395
83758 1
0 0 0 0 0 1000000000
465268582 528502838 254009757 107421508 446873370 581868437
517514380 379889163 335707585 632981749 83359095 844602980
400000 1
0 0 0 0 0 1000000000
226385551 528257960 480653494 387535627 693455869 952614008
470958034 194672907 42111542 182700261 191814419 521762762
400000 1
0 0 0 0 0 1000000000
456610597 249112538 407230204 355218749 77206182 515271219
654667548 39023752 83964329 273588645 103778031 718293386
400000 1
0 0 0 0 0 1000000000
999999999 999999999 0 0 999999999 1000000000
43670488 291665173 203428026 108752873 210591670 339263880
400000 1
77930791 259007017 153453835 103744841 156526032 262771324
77930791 259007017 153453835 103744841 156526032 262771324
0 0 0 0 0 1
400000 1
40799858 113687083 159988262 63439118 130427554 161332947
107764076 294671216 529665246 566566102 370830748 705649668
441539710 317502331 665009242 538441916 109271967 989929799
400000 1
160539200 72598582 24248484 68071828 119789656 243212660
378842459 459781428 180087744 460083032 710688797 884891172
653746537 526586989 546735075 622351190 467554626 742875554
83758 1
308990727 31498906 47101485 58949337 207172900 379757534
999999999 999999999 0 0 999999999 1000000000
477835359 85824161 13316497 282063206 620542749 696235482
151106 1
385194841 651175772 383241624 721108750 779242954 803305671
27943189 80231194 17771285 37499309 16937995 251047434
100688938 176530318 285947755 381778148 320393804 408491962
400000 1
0 0 0 0 0 1000000000
999999999 999999999 0 0 999999999 1000000000
147782499 23075738 276448597 55178562 58831175 306462850
400000 1
0 0 0 0 0 1000000000
210065470 210636069 105564560 14149175 176549778 247296767
253151539 139894848 236331806 24816883 71698227 294435232
400000 1
242547001 231369760 605708255 290616948 518164890 647778835
999999999 999999999 0 0 999999999 1000000000
588603477 686066646 802673793 746730218 784045446 982612087
400000 1
429600419 477622660 102354191 65239978 85954717 868897338
429600419 477622660 102354191 65239978 85954717 868897338
229250 16472 223821 141748 239444 400000
400000 1
184169603 316925575 272310053 91207994 168550931 572483675
184169603 316925575 272310053 91207994 168550931 572483675
279182 206289 204239 13698 211041 400000
377338 1
29081058 135946036 50120877 120264826 32420356 159450982
29081058 135946036 50120877 120264826 32420356 159450982
85246 308972 160503 179676 313634 377338
400000 1
100316393 473031061 204088410 480730954 153505813 510174045
98419565 181158098 256232737 202813402 23260286 439506257
38191334 30943092 4801620 3001631 56038163 68964272
400000 1
123369728 18544190 60185192 80455872 8832185 331182625
91344930 213626092 61965053 50057290 84517551 215005583
11110499 21991340 4297815 162380487 171889189 180846627
258275 1
122738828 190127704 130727369 276563815 9319640 319551793
122738828 190127704 130727369 276563815 9319640 319551793
211226 198015 114847 159062 28966 258275
400000 1
275741112 612504817 38171855 334773836 130885067 620445096
275741112 612504817 38171855 334773836 130885067 620445096
335680 29042 211168 360821 195521 400000
182193 1
318077579 268008105 313800374 91129827 326055521 347495925
318077579 268008105 313800374 91129827 326055521 347495925
177709 85524 96695 95913 151885 182193
400000 1
90413031 98427108 75999060 17351459 39702643 132351092
90413031 98427108 75999060 17351459 39702643 132351092
271397 226117 27862 354745 383654 400000
258275 1
117399695 154163423 74874015 164860492 55563227 242211603
889341725 319520087 414706494 417929258 468003605 893658113
194258086 14273115 35521655 198286871 49145524 238136829
400000 1
552231051 16278983 107592728 254772082 710418185 737778464
552231051 16278983 107592728 254772082 710418185 737778464
160806 247017 87840 386989 349252 400000
9703 1
101334514 223347045 319598709 391830023 113813238 650846422
999999999 999999999 0 0 999999999 1000000000
665570846 111212097 390065281 81573745 250133261 666945489
400000 1
6934020 297108631 193975317 270694010 496136122 704114611
6934020 297108631 193975317 270694010 496136122 704114611
371056 212656 115606 239728 394928 400000
182193 1
0 0 0 0 0 1000000000
57959630 521656218 524788879 718580709 138171429 728223124
587939809 404195477 31915494 509283724 65410090 628883593
377338 1
196742484 188205592 106369441 19701924 39922360 200349933
229860681 616298054 151509463 651303210 252190436 983711474
283586516 346340918 473633999 15105264 320633159 713619928
400000 1
74073017 33319148 71346056 31380765 17315610 105094235
74073017 33319148 71346056 31380765 17315610 105094235
110455 230668 301144 360077 106137 400000
377338 1
0 0 0 0 0 1000000000
999999999 999999999 0 0 999999999 1000000000
4960121 376150277 155251959 275977163 379966703 394851176
182193 1
827411623 130143818 190910381 323299108 124680086 853567626
154923975 950286 73046114 358546569 266628012 433359158
7178782 100888323 27269095 98961175 45640325 114337893
37891 1
121162199 55780466 262009888 12929392 113611386 405001570
344217005 711909359 65317606 602707414 168352982 819175784
413642413 18684809 534863946 518313157 133348201 648601809
400000 1
101152833 91003711 83020647 28287108 183679092 254382624
101152833 91003711 83020647 28287108 183679092 254382624
16856 302311 211709 41855 100262 400000
9272 1
0 0 0 0 0 1000000000
382545 255280 4073834 3858550 1891539 4101747
183293331 463516171 47023465 22023499 421772673 522716193
400000 1
251899480 114115169 14918312 42535776 10389005 357362873
251899480 114115169 14918312 42535776 10389005 357362873
8987 106096 300175 91365 382175 400000
377338 1
561461200 292300170 590266303 566428068 367611600 853678883
999999999 999999999 0 0 999999999 1000000000
77324414 8292032 31050721 90179509 239267457 243672507
9703 1
2697967 237258554 163442486 75894655 7289683 283322639
2697967 237258554 163442486 75894655 7289683 283322639
4079 8245 3591 8483 7428 9703
9272 1
21948924 13306713 262035655 94682458 325532199 378346460
999999999 999999999 0 0 999999999 1000000000
86232339 73153850 203700135 226941912 102660936 291679653
400000 1
48814643 39479210 288152523 802975601 373240576 946127294
999999999 999999999 0 0 999999999 1000000000
509309477 382377053 508741417 307831906 143762156 510543100
83758 1
64201383 140928850 5075314 85632350 74339922 171482440
64201383 140928850 5075314 85632350 74339922 171482440
47346 62403 1062 26424 57670 83758
9272 1
14840706 26331616 135469866 133706814 124583433 137205258
14840706 26331616 135469866 133706814 124583433 137205258
7057 334 4909 8086 6675 9272
339507 1
457952614 819614582 496673761 600716573 813186854 854854833
226638775 7886005 85978001 140119407 156030657 232590654
69192540 716947837 229478357 567334980 555333699 729643510
400000 1
0 0 0 0 0 1000000000
41530540 254921926 36530008 13971278 96656535 258684056
40640835 202981664 280799070 177154336 208068555 384808484
400000 1
0 0 0 0 0 1000000000
124015470 166872896 260523027 15337648 157526235 273392377
431452698 369488825 414637619 461097454 31684314 694773808
400000 1
890773637 829611771 333861685 255181416 267176060 940978377
890773637 829611771 333861685 255181416 267176060 940978377
77744 172065 322284 123429 324053 400000
400000 1
133449980 149171862 116874673 21010284 79768699 155067102
133449980 149171862 116874673 21010284 79768699 155067102
165585 125548 69573 90328 91874 400000
400000 1
0 0 0 0 0 1000000000
999999999 999999999 0 0 999999999 1000000000
351141264 490682011 287827379 844772210 509413544 873734725
258275 1
0 0 0 0 0 1000000000
2227011 58889520 77625801 73290219 41853995 111259397
57033292 43426904 29256991 8592212 35820255 73485833
258275 1
863998059 434948027 513243020 496945637 793724835 879287046
999999999 999999999 0 0 999999999 1000000000
82558489 134426211 210094316 53957471 260106768 303262529
83758 1
42324993 44656744 44767330 13064645 20816821 50080941
362971764 313633149 332005597 193936052 329377697 416497808
112649109 103140032 505235482 277133417 643329623 943342403
400000 1
0 0 0 0 0 1
999999999 999999999 0 0 999999999 1000000000
0 0 0 0 0 1
400000 1
396372210 6864219 36441424 112108151 204259163 425260687
396372210 6864219 36441424 112108151 204259163 425260687
85337 171409 148349 211783 172297 400000
400000 1
397600363 67941623 551439618 597575002 602655277 695734613
397600363 67941623 551439618 597575002 602655277 695734613
29368 248003 351880 91158 386237 400000
86969 1
798659514 641844396 72856949 339979223 279554267 874768834
288247185 214695189 46607910 271051008 146470028 423157674
141236839 315432865 182534581 544200258 776844099 953931112
9703 1
0 0 0 0 0 1000000000
999999999 999999999 0 0 999999999 1000000000
17272636 218712986 35777590 38082124 268905262 520405325
400000 1
180953880 309263273 167084313 399114492 259510028 426524595
180953880 309263273 167084313 399114492 259510028 426524595
115744 266076 263856 293458 166124 400000
28787 1
4314478 1155118 351755 6234703 2021303 10369473
206800593 41197624 224945079 167679383 341602070 349354299
157200674 205948180 727092168 566823700 595288058 771519821
400000 1
128703640 189374677 55470701 346509927 371245674 424601948
999999999 999999999 0 0 999999999 1000000000
105537476 464417735 8589551 213184917 520831486 555929864
1 1
0 0 0 0 0 1
0 0 0 0 0 1
999999999 999999999 0 0 999999999 1000000000
400000 1
81657250 207755803 537163481 354527499 582431666 647038612
81657250 207755803 537163481 354527499 582431666 647038612
374344 21968 169328 44406 289416 400000
400000 1
34750597 26395835 234897337 141688751 121331352 240113227
34750597 26395835 234897337 141688751 121331352 240113227
149961 41639 218259 243333 284089 400000
258275 1
0 0 0 0 0 1000000000
999999999 999999999 0 0 999999999 1000000000
287302358 461155232 448860533 156597567 336560857 462779486
377338 1
0 0 0 0 0 1000000000
82122931 202715703 257844183 126330539 101076066 338497731
115103248 81944658 126670414 123221049 55519414 199881071
400000 1
9685480 31913230 29459375 7537568 57823612 57929472
9685480 31913230 29459375 7537568 57823612 57929472
271154 149377 379404 335341 285728 400000
400000 1
251367754 90635160 21486555 266607533 367262326 388235077
999999999 999999999 0 0 999999999 1000000000
143357578 116256601 71880949 115260778 315209854 355579750
182193 1
2339629 21441169 17042136 331842 2140607 25043447
999999999 999999999 0 0 999999999 1000000000
18924486 481455627 143912655 306940951 467415457 567791774
400000 1
35455781 6097169 31310418 15138262 1120090 62106871
35455781 6097169 31310418 15138262 1120090 62106871
315926 113666 392449 148744 66196 400000
400000 1
0 0 0 0 0 1000000000
999999999 999999999 0 0 999999999 1000000000
4050492 110998764 147620961 100995157 69467352 184588186
182193 1
0 0 0 0 0 1000000000
999999999 999999999 0 0 999999999 1000000000
479432719 790110315 87579331 135749588 898221976 990399518
400000 1
24739132 5567876 10504010 2780830 11400457 25567788
999999999 999999999 0 0 999999999 1000000000
535578809 507647088 97223418 409198994 217191680 563141367
400000 1
225506552 146078379 7724395 144518044 70733347 289501879
145497741 186204261 317418013 506484902 539542135 735344614
822626034 416002053 672730580 126718229 787676696 870201516
400000 1
0 0 0 0 0 1000000000
999999999 999999999 0 0 999999999 1000000000
109418492 70838850 207340517 76004872 19457300 313372864
400000 1
128087849 415802346 139474796 81699180 141231776 534933227
128087849 415802346 139474796 81699180 141231776 534933227
354127 232607 65201 361373 8723 400000
